-16 21 -15 -1 227 -9 83 -1 26 -218 186 -34 173 -109 -39 -11 123 -3 7 4 -1 16 8 125 
-18 -8 -1 4 -3 0 64 5 18 -10 185 -33 0 -109 -45 -28 7 -11 2 -9 0 20 8 6 
-18 -8 -1 4 -3 0 64 5 18 -10 185 -33 0 -109 -45 -28 7 -11 2 -9 0 20 8 6 
-18 -8 -1 4 -3 0 64 5 18 -10 185 -33 0 -109 -45 -28 7 -11 2 -9 0 20 8 6 
-18 -8 -1 4 -3 0 64 5 18 -10 185 -33 0 -109 -45 -28 7 -11 2 -9 0 20 8 6 
-18 -8 -1 4 -3 0 64 5 18 -10 185 -33 0 -109 -45 -28 7 -11 2 -9 0 20 8 6 
-18 -8 -1 4 -3 0 64 5 18 -10 185 -33 0 -109 -45 -28 7 -11 2 -9 0 20 8 6 
-18 -8 -1 4 -3 0 64 5 18 -10 185 -33 0 -109 -45 -28 7 -11 2 -9 0 20 8 6 
-18 -8 -1 4 -3 0 64 5 18 -10 185 -33 0 -109 -45 -28 7 -11 2 -9 0 20 8 6 
-18 -8 -1 4 -3 0 64 5 18 -10 185 -33 0 -109 -45 -28 7 -11 2 -9 0 20 8 6 
-18 -8 -1 4 -3 0 64 5 18 -10 185 -33 0 -109 -45 -28 7 -11 2 -9 0 20 8 6 
-18 -8 -1 4 -3 0 64 5 18 -10 185 -33 0 -109 -45 -28 7 -11 2 -9 0 20 8 6 
